+-----------------------------+--------------+------+--------+----------+-------+--------+--------+---------+---------+--------+--------+-----------+---------+---------+---------+-------+
| Joint Name                  | Type         |   Kp |     Kd |     Soft |   Dmp |    Arm |   Fric |   Joint |   Joint |   Ctrl |   Ctrl |     Force |   Force |   Force |   Joint |   DOF |
|                             |              |      |        |   Torque |       |        |        |   Limit |   Limit |    Min |    Max |   Limited |     Min |     Max |     Idx |   Idx |
|                             |              |      |        |    Limit |       |        |        |     Min |     Max |        |        |           |         |         |         |       |
+=============================+==============+======+========+==========+=======+========+========+=========+=========+========+========+===========+=========+=========+=========+=======+
| dof_left_ankle_02           | robstride_02 |   40 |   0.99 |     11.9 |     0 | 0.0042 |    0.1 |  -1.257 |   0.227 |    -17 |     17 |         1 |     -17 |      17 |      20 |    25 |
+-----------------------------+--------------+------+--------+----------+-------+--------+--------+---------+---------+--------+--------+-----------+---------+---------+---------+-------+
| dof_left_elbow_02           | robstride_02 |   40 |  1.266 |     11.9 |     0 | 0.0042 |    0.1 |  -2.478 |       0 |    -17 |     17 |         1 |     -17 |      17 |       9 |    14 |
+-----------------------------+--------------+------+--------+----------+-------+--------+--------+---------+---------+--------+--------+-----------+---------+---------+---------+-------+
| dof_left_hip_pitch_04       | robstride_04 |  150 | 24.722 |       84 |     0 |   0.04 |    0.2 |  -1.047 |   2.217 |   -120 |    120 |         1 |    -120 |     120 |      16 |    21 |
+-----------------------------+--------------+------+--------+----------+-------+--------+--------+---------+---------+--------+--------+-----------+---------+---------+---------+-------+
| dof_left_hip_roll_03        | robstride_03 |  200 | 26.387 |       42 |     0 |   0.02 |    0.2 |  -0.209 |   2.269 |    -60 |     60 |         1 |     -60 |      60 |      17 |    22 |
+-----------------------------+--------------+------+--------+----------+-------+--------+--------+---------+---------+--------+--------+-----------+---------+---------+---------+-------+
| dof_left_hip_yaw_03         | robstride_03 |  100 |  3.419 |       42 |     0 |   0.02 |    0.2 |  -1.571 |   1.571 |    -60 |     60 |         1 |     -60 |      60 |      18 |    23 |
+-----------------------------+--------------+------+--------+----------+-------+--------+--------+---------+---------+--------+--------+-----------+---------+---------+---------+-------+
| dof_left_knee_04            | robstride_04 |  150 |  8.654 |       84 |     0 |   0.04 |    0.2 |       0 |   2.705 |   -120 |    120 |         1 |    -120 |     120 |      19 |    24 |
+-----------------------------+--------------+------+--------+----------+-------+--------+--------+---------+---------+--------+--------+-----------+---------+---------+---------+-------+
| dof_left_shoulder_pitch_03  | robstride_03 |  100 |  8.284 |       42 |     0 |   0.02 |    0.2 |  -1.396 |   3.142 |    -60 |     60 |         1 |     -60 |      60 |       6 |    11 |
+-----------------------------+--------------+------+--------+----------+-------+--------+--------+---------+---------+--------+--------+-----------+---------+---------+---------+-------+
| dof_left_shoulder_roll_03   | robstride_03 |  100 |  8.257 |       42 |     0 |   0.02 |    0.2 |  -0.349 |   1.658 |    -60 |     60 |         1 |     -60 |      60 |       7 |    12 |
+-----------------------------+--------------+------+--------+----------+-------+--------+--------+---------+---------+--------+--------+-----------+---------+---------+---------+-------+
| dof_left_shoulder_yaw_02    | robstride_02 |   40 |  0.945 |     11.9 |     0 | 0.0042 |    0.1 |  -1.658 |   1.658 |    -17 |     17 |         1 |     -17 |      17 |       8 |    13 |
+-----------------------------+--------------+------+--------+----------+-------+--------+--------+---------+---------+--------+--------+-----------+---------+---------+---------+-------+
| dof_left_wrist_00           | robstride_00 |   20 |  0.295 |      9.8 |     0 |  0.001 |    0.1 |  -1.745 |   1.745 |    -14 |     14 |         1 |     -14 |      14 |      10 |    15 |
+-----------------------------+--------------+------+--------+----------+-------+--------+--------+---------+---------+--------+--------+-----------+---------+---------+---------+-------+
| dof_right_ankle_02          | robstride_02 |   40 |   0.99 |     11.9 |     0 | 0.0042 |    0.1 |  -0.227 |   1.257 |    -17 |     17 |         1 |     -17 |      17 |      15 |    20 |
+-----------------------------+--------------+------+--------+----------+-------+--------+--------+---------+---------+--------+--------+-----------+---------+---------+---------+-------+
| dof_right_elbow_02          | robstride_02 |   40 |  1.266 |     11.9 |     0 | 0.0042 |    0.1 |       0 |   2.478 |    -17 |     17 |         1 |     -17 |      17 |       4 |     9 |
+-----------------------------+--------------+------+--------+----------+-------+--------+--------+---------+---------+--------+--------+-----------+---------+---------+---------+-------+
| dof_right_hip_pitch_04      | robstride_04 |  150 | 24.722 |       84 |     0 |   0.04 |    0.2 |  -2.217 |   1.047 |   -120 |    120 |         1 |    -120 |     120 |      11 |    16 |
+-----------------------------+--------------+------+--------+----------+-------+--------+--------+---------+---------+--------+--------+-----------+---------+---------+---------+-------+
| dof_right_hip_roll_03       | robstride_03 |  200 | 26.387 |       42 |     0 |   0.02 |    0.2 |  -2.269 |   0.209 |    -60 |     60 |         1 |     -60 |      60 |      12 |    17 |
+-----------------------------+--------------+------+--------+----------+-------+--------+--------+---------+---------+--------+--------+-----------+---------+---------+---------+-------+
| dof_right_hip_yaw_03        | robstride_03 |  100 |  3.419 |       42 |     0 |   0.02 |    0.2 |  -1.571 |   1.571 |    -60 |     60 |         1 |     -60 |      60 |      13 |    18 |
+-----------------------------+--------------+------+--------+----------+-------+--------+--------+---------+---------+--------+--------+-----------+---------+---------+---------+-------+
| dof_right_knee_04           | robstride_04 |  150 |  8.654 |       84 |     0 |   0.04 |    0.2 |  -2.705 |       0 |   -120 |    120 |         1 |    -120 |     120 |      14 |    19 |
+-----------------------------+--------------+------+--------+----------+-------+--------+--------+---------+---------+--------+--------+-----------+---------+---------+---------+-------+
| dof_right_shoulder_pitch_03 | robstride_03 |  100 |  8.284 |       42 |     0 |   0.02 |    0.2 |  -3.142 |   1.396 |    -60 |     60 |         1 |     -60 |      60 |       1 |     6 |
+-----------------------------+--------------+------+--------+----------+-------+--------+--------+---------+---------+--------+--------+-----------+---------+---------+---------+-------+
| dof_right_shoulder_roll_03  | robstride_03 |  100 |  8.257 |       42 |     0 |   0.02 |    0.2 |  -1.658 |   0.349 |    -60 |     60 |         1 |     -60 |      60 |       2 |     7 |
+-----------------------------+--------------+------+--------+----------+-------+--------+--------+---------+---------+--------+--------+-----------+---------+---------+---------+-------+
| dof_right_shoulder_yaw_02   | robstride_02 |   40 |  0.945 |     11.9 |     0 | 0.0042 |    0.1 |  -1.658 |   1.658 |    -17 |     17 |         1 |     -17 |      17 |       3 |     8 |
+-----------------------------+--------------+------+--------+----------+-------+--------+--------+---------+---------+--------+--------+-----------+---------+---------+---------+-------+
| dof_right_wrist_00          | robstride_00 |   20 |  0.295 |      9.8 |     0 |  0.001 |    0.1 |  -1.745 |   1.745 |    -14 |     14 |         1 |     -14 |      14 |       5 |    10 |
+-----------------------------+--------------+------+--------+----------+-------+--------+--------+---------+---------+--------+--------+-----------+---------+---------+---------+-------+